62 24 77 22 52 29 89 6 45 99 71 90 93 28 92 84 91 32 77 25 26 81 83 41 83 22 63 18 30 97 18 26 69 70 73 44 7 51 46 97 66 77 20 80 54 100 92 86 29 73 25 82 94 55 97 37 
77 45 6 75 55 17 78 22 50 2 43 1 69 70 10 100 32 35 87 20 99 16 47 60 61 52 100 24 5 90 90 60 9 50 68 94 98 57 62 83 74 70 99 32 54 61 93 50 7 80 6 17 93 56 75 88 
37 77 85 73 28 87 11 99 15 69 34 80 6 16 41 15 17 72 7 75 23 94 70 47 11 51 80 93 56 88 13 91 40 54 11 3 67 79 48 46 85 67 3 21 63 98 53 10 40 84 54 36 29 44 58 81 
87 9 11 99 2 41 7 33 52 89 71 72 12 15 25 82 32 95 14 90 41 86 38 20 69 80 93 17 44 14 56 67 3 41 74 75 3 42 28 87 98 96 79 22 65 60 8 17 27 18 93 96 59 68 25 57 
62 0 72 25 71 91 77 60 41 31 94 61 14 20 0 3 13 100 26 84 30 46 28 88 90 84 58 62 65 5 95 42 24 24 95 98 4 15 59 41 72 9 18 56 60 61 64 81 14 17 48 31 87 2 64 4 
61 11 18 89 26 20 31 52 83 18 43 48 90 72 15 93 81 80 56 34 51 84 30 75 91 46 40 63 65 34 92 0 16 11 36 49 7 60 81 48 35 35 66 32 34 81 36 25 24 58 44 73 67 50 79 90 
27 41 96 70 63 18 51 56 10 39 87 25 65 46 24 87 0 61 44 74 63 29 66 39 67 84 3 4 85 39 68 83 58 78 70 41 40 39 88 67 69 28 98 100 89 19 0 12 15 72 25 72 82 80 58 47 
38 4 49 93 93 94 48 78 25 66 85 0 15 85 99 21 45 92 14 15 1 32 42 44 9 12 43 51 59 35 98 1 38 100 9 80 26 82 98 26 46 47 30 62 72 78 66 35 23 49 91 57 25 100 52 87 
96 74 22 49 92 67 68 95 60 35 38 68 98 100 77 47 81 72 12 45 30 15 34 43 50 37 62 43 45 71 50 57 58 70 48 91 98 38 98 46 92 76 68 74 72 83 58 14 19 46 24 92 0 47 48 80 
42 47 51 41 48 51 25 40 1 20 64 70 85 10 23 63 10 86 88 94 12 57 19 97 2 12 31 74 1 10 37 11 92 0 41 29 83 50 92 14 69 35 29 88 70 46 30 22 76 35 41 27 66 29 52 19 
62 31 74 27 65 5 46 87 50 1 93 100 80 91 47 86 33 59 28 27 79 55 2 69 28 25 76 63 42 87 52 42 67 95 41 58 76 63 64 52 38 62 62 41 91 15 98 85 50 16 30 27 82 41 30 24 
96 7 66 14 90 75 17 56 19 4 64 93 37 58 10 93 1 82 60 34 94 96 3 1 49 22 50 90 25 50 48 97 75 58 91 35 40 84 91 90 99 40 53 97 89 96 56 14 25 92 77 49 13 40 39 30 
90 43 77 28 41 23 54 25 77 80 75 41 74 9 77 21 27 85 59 29 20 81 10 52 58 87 5 18 58 62 25 79 98 21 16 85 86 88 69 57 10 10 21 91 88 94 81 4 94 47 20 87 95 45 35 11 
53 31 10 98 69 44 76 91 4 92 51 48 54 10 37 3 36 90 97 16 12 0 58 57 74 89 42 85 91 1 45 85 25 56 55 97 58 45 50 9 9 40 24 31 43 81 38 20 34 60 52 5 31 40 5 52 
43 15 68 72 97 58 13 3 93 13 31 47 33 60 64 19 81 79 81 75 62 23 96 89 8 52 24 44 23 15 34 96 32 67 19 77 100 22 97 28 75 45 98 60 38 41 7 40 55 61 33 10 70 54 52 70 
7 48 79 28 45 6 75 25 77 87 99 25 25 97 0 41 13 6 74 53 70 77 57 33 74 90 4 85 45 13 10 59 35 11 88 52 2 60 100 94 80 23 67 3 30 57 89 32 79 42 31 21 75 70 21 32 
50 38 17 90 72 42 55 77 91 53 97 8 84 38 30 45 23 67 56 51 51 13 70 51 73 98 54 32 52 85 24 5 44 8 43 35 82 16 67 14 95 33 21 62 17 4 51 58 36 82 63 61 29 6 40 55 
51 34 14 69 54 51 44 72 100 35 59 14 17 57 16 36 0 78 28 97 85 23 99 46 20 69 51 3 21 51 91 39 49 1 24 13 76 85 65 55 48 76 10 9 87 54 81 4 90 18 86 38 47 52 66 86 
35 66 58 55 87 43 87 85 94 87 32 33 37 1 5 45 21 88 25 78 56 23 83 55 52 11 68 14 55 89 80 73 72 77 69 87 52 20 2 19 35 75 15 40 5 23 52 34 96 17 75 83 71 72 76 82 
1 48 64 49 41 30 33 13 18 77 85 93 94 46 61 71 28 47 74 96 84 32 31 6 57 70 98 99 55 13 40 81 79 27 86 44 35 37 68 50 59 33 58 33 94 29 17 93 61 14 0 87 38 32 22 40 
55 18 54 72 4 94 4 86 23 37 5 14 40 7 65 26 83 88 16 38 36 97 62 9 12 26 92 24 66 26 45 97 68 30 47 55 88 74 23 17 81 93 85 42 14 1 88 76 94 69 71 15 73 5 87 22 
55 91 94 90 5 26 67 35 62 59 19 95 94 46 97 19 76 38 36 57 27 48 17 97 52 0 95 30 73 39 31 6 59 96 77 55 31 7 7 83 59 93 60 82 69 24 11 30 29 92 90 11 38 3 84 92 
68 10 94 89 39 21 72 83 15 55 100 20 18 28 24 53 63 6 58 96 94 14 83 24 84 40 96 23 59 40 55 38 17 48 14 2 63 69 73 43 3 39 86 51 47 7 1 63 48 82 30 29 30 42 2 18 
71 34 41 86 6 52 55 23 76 19 56 63 47 37 0 11 95 33 86 50 6 88 24 76 79 15 85 27 97 73 23 35 66 56 26 91 19 34 100 7 59 51 26 52 65 31 90 70 51 19 90 19 28 71 54 62 
44 25 56 81 96 77 62 40 10 57 38 50 5 71 86 50 39 25 17 5 45 94 15 93 54 37 44 28 79 65 49 46 7 80 81 29 36 71 33 100 25 88 81 48 92 33 68 17 29 12 21 28 92 75 43 47 
94 25 90 6 6 57 29 30 64 7 3 0 84 50 22 21 86 34 82 33 66 88 52 4 40 35 6 17 22 12 61 64 53 20 28 59 36 26 21 29 28 73 98 97 84 67 23 77 49 71 28 51 4 56 70 35 
7 34 93 83 91 75 28 64 75 27 28 36 88 70 7 57 14 89 87 62 16 3 22 59 8 54 96 82 46 97 95 57 61 36 83 62 19 44 65 11 86 70 53 21 34 33 58 18 36 82 56 63 56 73 77 63 
5 48 29 48 83 58 80 39 55 36 65 9 8 41 71 64 31 91 82 6 47 91 54 63 76 6 64 92 90 72 76 38 53 34 81 1 51 36 51 61 55 50 93 6 87 8 8 88 87 49 15 8 91 36 60 67 
89 73 28 58 20 82 98 79 72 100 15 7 34 5 77 51 62 45 76 25 46 26 66 35 4 76 5 65 71 54 55 28 33 28 73 14 17 84 38 44 61 49 88 49 62 17 92 5 59 90 5 57 41 13 6 88 
25 68 54 68 20 69 53 22 88 61 64 88 55 31 86 16 15 20 86 56 58 58 60 83 95 53 23 59 98 100 10 3 71 78 82 4 62 34 29 64 31 85 64 24 67 37 3 51 54 64 48 16 17 15 55 10 
49 20 11 47 56 98 29 8 33 24 97 68 76 18 76 93 54 81 84 58 58 53 92 43 86 57 74 1 48 91 30 89 50 47 10 100 27 47 74 55 84 15 46 92 9 80 40 4 54 8 59 85 86 18 50 58 
73 62 91 31 5 65 1 86 0 17 65 31 29 24 16 95 85 51 42 100 81 93 10 74 93 3 47 26 0 99 75 37 33 86 79 89 73 45 70 95 37 13 0 73 26 3 41 51 68 11 39 63 32 80 57 86 
27 34 88 21 67 47 1 88 37 68 75 19 1 55 48 72 51 40 24 46 77 6 20 11 9 23 50 4 5 96 30 70 36 90 72 78 42 26 57 54 67 44 46 67 96 78 91 24 27 26 81 56 58 25 44 84 
9 8 19 53 63 67 21 49 5 31 99 15 47 87 9 52 75 30 52 55 10 29 62 4 84 69 34 19 43 73 17 89 34 93 33 62 77 29 71 64 47 14 33 71 83 24 29 90 25 10 59 66 43 73 4 94 
50 43 12 89 99 69 66 64 29 92 31 27 90 4 80 89 16 29 56 0 11 60 80 44 20 51 98 79 85 74 26 33 34 2 29 64 54 46 26 45 93 87 10 13 65 29 98 43 36 61 60 44 62 31 55 84 
23 70 95 99 61 20 52 10 14 73 96 13 40 30 24 28 31 63 27 74 53 0 42 95 9 44 31 4 73 13 30 6 42 87 97 33 90 14 63 49 98 60 65 57 74 11 2 95 79 37 67 92 93 80 11 98 
81 28 11 0 7 59 35 52 34 25 36 79 77 92 36 100 42 63 15 43 79 3 37 97 78 74 76 89 68 47 78 100 83 20 78 78 45 13 30 93 8 4 10 89 48 73 40 83 15 42 44 49 75 79 33 42 
52 37 66 81 67 48 6 9 55 88 100 18 37 91 30 49 56 30 64 82 90 67 11 84 73 99 59 34 14 90 12 17 7 91 95 71 81 53 89 37 41 74 8 89 55 78 88 38 85 83 29 27 90 8 47 84 
67 11 9 51 3 3 47 5 98 8 58 53 21 30 50 73 95 68 98 35 5 93 33 43 28 24 46 18 69 29 54 20 86 40 77 19 41 60 75 97 5 60 29 30 87 98 2 21 8 43 51 37 7 36 26 73 
38 49 59 7 63 59 46 54 94 19 59 6 18 99 44 62 13 54 71 2 89 61 68 61 3 24 26 48 72 3 32 5 63 40 10 47 58 86 88 41 99 77 30 16 63 94 79 2 16 98 79 55 27 0 20 66 
82 10 40 40 58 42 69 58 16 45 51 37 95 7 32 86 33 83 83 38 60 4 41 46 22 73 93 10 59 86 10 3 59 91 88 53 38 23 48 69 26 37 13 18 37 17 35 12 67 23 8 8 86 100 40 36 
30 86 36 51 86 87 7 99 54 0 81 86 65 43 96 92 79 97 92 17 72 95 2 37 63 58 28 31 45 30 56 74 51 47 31 44 84 93 58 60 37 26 47 34 47 9 1 68 6 77 20 61 73 52 52 27 
12 10 10 98 7 22 88 81 84 53 81 48 69 96 82 61 33 96 92 14 23 88 58 12 94 42 65 84 54 54 93 3 93 19 91 50 15 80 0 48 26 83 80 42 60 7 70 16 46 24 35 80 90 87 47 18 
35 86 76 62 81 59 57 67 4 24 14 8 67 41 27 99 52 91 89 99 8 74 65 62 46 0 64 34 49 1 84 20 60 60 88 81 40 39 92 3 54 18 9 72 16 35 59 91 25 99 46 36 63 59 79 30 
92 47 73 69 64 60 42 72 34 3 38 70 41 59 21 0 86 38 68 19 37 68 17 29 95 92 17 6 78 69 82 16 19 98 20 5 18 54 11 74 37 35 62 70 48 72 60 44 2 73 74 67 98 49 35 34 
97 66 81 14 46 63 55 20 20 86 36 30 67 37 23 24 15 26 82 91 8 1 17 22 100 40 54 21 88 66 19 83 33 9 24 66 8 55 55 44 98 84 80 7 84 76 21 2 8 43 55 24 64 57 32 64 
47 39 63 68 100 98 27 93 53 49 66 82 35 9 97 78 40 13 52 3 57 20 7 12 41 11 16 36 50 66 27 23 33 83 63 23 61 61 76 50 29 60 3 86 84 26 92 46 22 45 64 26 64 92 85 48 
17 43 62 52 17 88 50 6 90 79 61 42 33 64 47 40 90 53 78 17 21 14 70 4 61 61 3 90 41 60 42 49 72 41 58 91 35 8 36 19 17 84 15 11 18 34 17 33 8 82 20 45 35 92 84 21 
32 25 13 9 86 23 21 81 82 72 63 74 99 81 64 63 62 55 89 29 15 83 30 27 91 9 69 89 73 22 48 98 32 0 16 18 46 97 54 73 42 88 86 33 96 69 21 65 82 0 76 70 68 76 32 93 
85 55 94 19 71 59 77 60 33 32 70 65 21 3 6 61 58 48 56 7 2 86 67 7 32 84 81 75 89 82 91 61 97 39 83 77 40 47 62 21 57 90 5 34 10 39 95 41 43 11 44 58 39 76 80 74 
53 43 24 82 59 87 24 38 4 38 63 9 75 39 51 2 98 7 93 65 74 40 17 59 62 60 44 34 29 75 98 62 1 47 48 74 67 70 86 41 39 79 62 74 92 94 4 8 31 72 11 52 68 75 71 68 
40 98 28 90 87 72 54 81 12 77 3 48 93 12 3 65 83 77 90 26 64 1 24 76 3 77 27 71 45 75 78 61 61 17 18 36 0 22 25 88 4 61 75 70 38 70 60 10 67 7 49 41 77 44 45 16 
27 62 61 28 26 70 39 49 89 91 56 55 57 10 13 30 86 47 51 61 6 72 75 83 57 84 98 25 59 9 56 27 48 71 28 43 57 26 79 91 79 56 97 1 61 93 13 43 87 52 88 17 12 10 93 89 
87 97 43 24 79 98 78 79 34 63 35 77 20 12 15 84 10 32 8 48 66 27 61 57 9 35 12 63 12 0 28 22 41 65 47 96 17 55 54 61 22 4 89 19 35 51 51 65 25 65 89 81 31 94 56 71 
59 95 10 19 74 13 64 32 99 100 20 8 90 74 49 8 63 41 100 17 85 10 50 59 49 40 79 31 20 57 6 27 79 23 39 29 88 73 91 46 28 25 13 44 38 90 41 65 65 5 12 100 78 23 11 53 

